50.0
66.0
88.66666666666667
51.666666666666664
64.0
66.0
48.0
48.0
66.66666666666667
68.66666666666667
54.0
54.333333333333336
57.666666666666664
88.66666666666667
71.66666666666667
59.0
59.0
51.333333333333336
62.0
56.0
51.333333333333336
61.666666666666664
71.0
51.0
80.66666666666667
38.666666666666664
61.333333333333336
88.33333333333333
56.0
63.0
83.33333333333333
51.333333333333336
62.0
59.333333333333336
71.33333333333333
48.333333333333336
42.333333333333336
61.666666666666664
61.0
65.66666666666667
58.333333333333336
78.0
56.333333333333336
65.0
45.0
68.33333333333333
68.66666666666667
62.0
70.33333333333333
57.0
52.0
38.0
59.666666666666664
70.0
40.333333333333336
59.333333333333336
87.33333333333333
85.0
70.33333333333333
56.333333333333336
53.0
79.0
92.33333333333333
71.0
48.666666666666664
67.66666666666667
56.333333333333336
71.0
77.33333333333333
85.66666666666667
81.0
73.33333333333333
91.0
75.0
53.0
43.0
63.333333333333336
48.0
69.66666666666667
70.66666666666667
43.333333333333336
47.666666666666664
63.0
70.33333333333333
74.0
53.0
69.33333333333333
88.33333333333333
37.666666666666664
59.666666666666664
71.0
63.0
56.333333333333336
58.0
64.0
51.0
36.0
67.66666666666667
57.0
58.333333333333336
47.0
43.0
48.666666666666664
47.333333333333336
92.0
34.666666666666664
54.666666666666664
76.33333333333333
66.33333333333333
63.333333333333336
57.0
75.0
79.33333333333333
54.0
62.666666666666664
62.666666666666664
71.0
63.333333333333336
69.66666666666667
53.333333333333336
73.33333333333333
82.0
77.0
62.666666666666664
74.0
54.333333333333336
73.33333333333333
59.666666666666664
47.333333333333336
63.666666666666664
84.33333333333333
58.333333333333336
74.0
72.66666666666667
66.66666666666667
80.66666666666667
58.333333333333336
76.0
53.0
59.666666666666664
80.33333333333333
69.66666666666667
55.0
56.0
58.333333333333336
57.0
49.666666666666664
33.0
71.0
70.0
48.0
58.666666666666664
56.666666666666664
72.33333333333333
71.33333333333333
74.66666666666667
68.0
78.66666666666667
84.33333333333333
51.666666666666664
68.0
54.0
79.0
66.66666666666667
47.333333333333336
66.66666666666667
52.666666666666664
66.66666666666667
74.66666666666667
55.666666666666664
55.0
66.33333333333333
63.0
68.0
35.333333333333336
95.33333333333333
71.66666666666667
63.666666666666664
65.64044943820225 62.09550561797753 61.92134831460674